# 22 22
  0.5000000000000001  -0.3733464042859334 1.942890293094024e-16  0.05116254808418523 -4.163336342344337e-17 -0.07605760422002775 -1.804112415015879e-16  0.04201970689116145 -1.387778780781446e-17 -0.01729422983680292 1.387778780781446e-17  0.04121276856994571 -1.040834085586084e-17 -0.03447302747489883 -1.734723475976807e-17  0.09624014246234633 1.162264728904461e-16 -0.09448483521341226 1.231653667943533e-16   0.0930317944620954 -2.47198095326695e-17  -0.2653563735129405 
 -0.3733464042859334                  0.5  -0.3221838562017481 3.332227614498418e-17  0.07012110459193002 -1.953461264275758e-16 -0.03403789732886624 -2.223156554681527e-16  0.02472547705435857 2.161628081392974e-17 -0.008199316678062634 2.222614453595284e-17 0.006739741095046871 -7.155734338404329e-17 -0.002254221751650351 1.162264728904461e-16 0.001755307248934079 2.527275264063711e-16 -0.001453040751316828 6.288372600415926e-17 0.0004487535216178419 -2.255140518769849e-17 
1.942890293094024e-16  -0.3221838562017481   0.5000000000000001  -0.1730003911661333 2.775557561562891e-17   0.1121408114830915 -2.636779683484747e-16 -0.05133212716566922 -1.249000902703301e-16  0.01859308781098253 2.775557561562891e-17 -0.04267234415296146 -5.551115123125783e-17  0.03477213499380185 -5.898059818321144e-17 -0.09673905696506259 2.185751579730777e-16   0.0947871017110295 2.072994553792284e-16 -0.09320268229450412 1.795438797635995e-16   0.2658051270345584 
 0.05116254808418523 3.332227614498418e-17  -0.1730003911661333                  0.5  -0.4522671250120766 -9.494900525541805e-17  0.09484658164628863 -1.771315299298193e-16 -0.05746451640904525 -5.610746242612485e-17  0.01865008055647985 -1.485356976305141e-17 -0.01463995025420649 -1.510293626272308e-16 0.004864121911735887 5.269222558279552e-17 -0.00370726250296719 1.966742740888705e-16 0.003037460167842167 6.594117613056838e-16 -0.0009370044713570352 2.02095284951298e-16 
-4.163336342344337e-17  0.07012110459193002 2.775557561562891e-17  -0.4522671250120766   0.5000000000000001  -0.1643464741971079 1.040834085586084e-17   0.0310499673410194 -3.816391647148976e-17 -0.007970080920529869 -6.938893903907228e-17  0.01633886605933219 -5.204170427930421e-17 -0.01243010792506702 -1.266348137463069e-16  0.03426357073084095 1.040834085586084e-17 -0.03340991641615408 2.389581588158052e-16  0.03274704539046416 6.777347780206888e-16 -0.09335974602707038 
-0.07605760422002775 -1.953461264275758e-16   0.1121408114830915 -9.494900525541805e-17  -0.1643464741971079   0.5000000000000002  -0.4042867401311987 4.684837587309865e-16   0.1872642190177617 -7.860465750519907e-17  -0.0597187381606956 -3.968179951296946e-17  0.04573718743199797 5.746271514173174e-17 -0.01514851451716737 -2.47198095326695e-16  0.01144583289459314 -3.434752482434078e-16 -0.009341328648096073 2.870967352741616e-16  0.00288039643527588 1.07552855510562e-16 
-1.804112415015879e-16 -0.03403789732886624 -2.636779683484747e-16  0.09484658164628863 1.040834085586084e-17  -0.4042867401311987   0.5000000000000008  -0.2480724884544565 3.885780586188048e-16  0.02460933376487551 -2.029626466892864e-16 -0.03032041678802978 6.938893903907228e-17  0.01488582530801535 4.81385764583564e-17 -0.03796625235341523 -5.806986835832362e-16  0.03551442066265113 -2.883977778811442e-16 -0.03385866993777203 2.411265631607762e-16   0.0962401424623463 
 0.04201970689116145 -2.223156554681527e-16 -0.05133212716566922 -1.771315299298193e-16   0.0310499673410194 4.684837587309865e-16  -0.2480724884544565   0.5000000000000006  -0.4107273737073426 -8.055622141567298e-17  0.09971070355802436 -6.873841773558098e-17 -0.06117177891201247 1.680513367352532e-16  0.01971319161522459 -3.304648221735818e-16 -0.01389766458535713 -6.713379852030243e-16  0.01099707937297528 1.214306433183765e-16 -0.003379310937992555 1.387778780781446e-16 
-1.387778780781446e-17  0.02472547705435857 -1.249000902703301e-16 -0.05746451640904525 -3.816391647148976e-17   0.1872642190177617 3.885780586188048e-16  -0.4107273737073426   0.5000000000000001  -0.1504489830207198 -7.979727989493313e-17  0.06885934143404171 3.642919299551295e-17 -0.01973419960510038 8.326672684688674e-17  0.04378177938328267 -3.794707603699266e-16 -0.03841500587503299 -2.567390744445674e-16  0.03520057520219716 2.309350627394124e-16 -0.09961945340033881 
-0.01729422983680292 2.161628081392974e-17  0.01859308781098253 -5.610746242612485e-17 -0.007970080920529869 -7.860465750519907e-17  0.02460933376487551 -8.055622141567298e-17  -0.1504489830207198                  0.5  -0.4607055993260394 2.840609691912022e-17   0.1102969207409539 3.404394821604484e-17 -0.03231483967508583 6.938893903907228e-18  0.01926443809360683 4.683753385137379e-17 -0.01421151004581112 3.191891195797325e-16  0.00433292954393134 9.020562075079397e-17 
1.387778780781446e-17 -0.008199316678062634 2.775557561562891e-17  0.01865008055647985 -6.938893903907228e-17  -0.0597187381606956 -2.029626466892864e-16  0.09971070355802436 -7.979727989493313e-17  -0.4607055993260394   0.5000000000000001  -0.1467438070066946 3.903127820947816e-18  0.01319605244603313 2.797241605012601e-17  -0.0198912633376666 1.401873409023757e-16  0.01521377687299005 2.003605614753212e-16 -0.01296130029287156 2.529985769494925e-16  0.03638333403049455 
 0.04121276856994571 2.222614453595284e-17 -0.04267234415296146 -1.485356976305141e-17  0.01633886605933219 -3.968179951296946e-17 -0.03032041678802978 -6.873841773558098e-17  0.06885934143404171 2.840609691912022e-17  -0.1467438070066946                  0.5  -0.4486818138205295 -7.632783294297951e-17   0.1101398570083876 2.255140518769849e-16 -0.05971873816069603 1.856154119295184e-16  0.04285679099672174 1.561251128379126e-17  -0.0130287512175137 1.387778780781446e-17 
-1.040834085586084e-17 0.006739741095046871 -5.551115123125783e-17 -0.01463995025420649 -5.204170427930421e-17  0.04573718743199797 6.938893903907228e-17 -0.06117177891201247 3.642919299551295e-17   0.1102969207409539 3.903127820947816e-18  -0.4486818138205295   0.4999999999999999  -0.1471925605283123 -1.062518129035794e-17  0.07031238218535815 2.674726759521739e-16 -0.03207572403696438 2.51534904016637e-17  0.01859308781098274 -2.262187832891005e-16 -0.04941208524800824 
-0.03447302747489883 -7.155734338404329e-17  0.03477213499380185 -1.510293626272308e-16 -0.01243010792506702 5.746271514173174e-17  0.01488582530801535 1.680513367352532e-16 -0.01973419960510038 3.404394821604484e-17  0.01319605244603313 -7.632783294297951e-17  -0.1471925605283123   0.4999999999999999  -0.4603776477610647 6.418476861114186e-17  0.09795539630908982 1.040834085586084e-16 -0.05633942722270333 -6.123573870198129e-16  0.01673977400088472 -2.151057110211241e-16 
-1.734723475976807e-17 -0.002254221751650351 -5.898059818321144e-17 0.004864121911735887 -1.266348137463069e-16 -0.01514851451716737 4.81385764583564e-17  0.01971319161522459 8.326672684688674e-17 -0.03231483967508583 2.797241605012601e-17   0.1101398570083876 -1.062518129035794e-17  -0.4603776477610647                  0.5  -0.1514571217730665 -4.461491939777851e-17   0.0257920925931728 -1.986258379993444e-16 -0.00948660626090541 -6.028028553747844e-16  0.02315315073711254 
 0.09624014246234633 1.162264728904461e-16 -0.09673905696506259 5.269222558279552e-17  0.03426357073084095 -2.47198095326695e-16 -0.03796625235341523 -3.304648221735818e-16  0.04378177938328267 6.938893903907228e-18  -0.0198912633376666 2.255140518769849e-16  0.07031238218535815 6.418476861114186e-17  -0.1514571217730665   0.4999999999999998  -0.4055375900630075 -4.926614671774132e-16   0.1772752783971341 -1.873501354054952e-16 -0.05177936429657357 -1.387778780781446e-17 
1.162264728904461e-16 0.001755307248934079 2.185751579730777e-16 -0.00370726250296719 1.040834085586084e-17  0.01144583289459314 -5.806986835832362e-16 -0.01389766458535713 -3.794707603699266e-16  0.01926443809360683 1.401873409023757e-16 -0.05971873816069603 2.674726759521739e-16  0.09795539630908982 -4.461491939777851e-17  -0.4055375900630075   0.4999999999999992  -0.2540544042590464 -3.834823084081229e-16  0.03882084381068646 1.121742672707815e-16 -0.07493251503368607 
-0.09448483521341226 2.527275264063711e-16   0.0947871017110295 1.966742740888705e-16 -0.03340991641615408 -3.434752482434078e-16  0.03551442066265113 -6.713379852030243e-16 -0.03841500587503299 4.683753385137379e-17  0.01521377687299005 1.856154119295184e-16 -0.03207572403696438 1.040834085586084e-16   0.0257920925931728 -4.926614671774132e-16  -0.2540544042590464   0.4999999999999993  -0.3925088388454939 3.469446951953614e-17  0.08776354586484875 1.110223024625157e-16 
1.231653667943533e-16 -0.001453040751316828 2.072994553792284e-16 0.003037460167842167 2.389581588158052e-16 -0.009341328648096073 -2.883977778811442e-16  0.01099707937297528 -2.567390744445674e-16 -0.01421151004581112 2.003605614753212e-16  0.04285679099672174 2.51534904016637e-17 -0.05633942722270333 -1.986258379993444e-16   0.1772752783971341 -3.834823084081229e-16  -0.3925088388454939   0.4999999999999998  -0.1805766944708982 9.874371285911732e-17   0.1626960608985348 
  0.0930317944620954 6.288372600415926e-17 -0.09320268229450412 6.594117613056838e-16  0.03274704539046416 2.870967352741616e-16 -0.03385866993777203 1.214306433183765e-16  0.03520057520219716 3.191891195797325e-16 -0.01296130029287156 1.561251128379126e-17  0.01859308781098274 -6.123573870198129e-16 -0.00948660626090541 -1.873501354054952e-16  0.03882084381068646 3.469446951953614e-17  -0.1805766944708982   0.4999999999999999  -0.4410008977403089 -2.775557561562891e-17 
-2.47198095326695e-17 0.0004487535216178419 1.795438797635995e-16 -0.0009370044713570352 6.777347780206888e-16  0.00288039643527588 2.411265631607762e-16 -0.003379310937992555 2.309350627394124e-16  0.00433292954393134 2.529985769494925e-16  -0.0130287512175137 -2.262187832891005e-16  0.01673977400088472 -6.028028553747844e-16 -0.05177936429657357 1.121742672707815e-16  0.08776354586484875 9.874371285911732e-17  -0.4410008977403089   0.5000000000000002  -0.2112939355235953 
 -0.2653563735129405 -2.255140518769849e-17   0.2658051270345584 2.02095284951298e-16 -0.09335974602707038 1.07552855510562e-16   0.0962401424623463 1.387778780781446e-16 -0.09961945340033881 9.020562075079397e-17  0.03638333403049455 1.387778780781446e-17 -0.04941208524800824 -2.151057110211241e-16  0.02315315073711254 -1.387778780781446e-17 -0.07493251503368607 1.110223024625157e-16   0.1626960608985348 -2.775557561562891e-17  -0.2112939355235953   0.5000000000000001 
