# 22 22
  0.4999999999999999  -0.2792539415296789 5.225854471380131e-16   0.3842174344290615 -6.505213034913027e-18  -0.1264728424546211 -7.459310946700271e-17  0.04081347451026968 -1.249000902703301e-16 -0.02493362348882093 1.561251128379126e-17  0.06645619705885264 3.642919299551295e-17 -0.02294557024448667 -3.469446951953614e-18 0.007576945243778416 3.469446951953614e-17 -0.004257288388649107 -6.938893903907228e-18  0.01103033822304034 -2.602085213965211e-18 -0.03116513715867071 
 -0.2792539415296789   0.5000000000000014  -0.4136509699414495 4.260101386238668e-16  0.02286645598728704 -7.658533095894482e-17 -0.009862915282421992 -4.092388862682317e-16  0.01587985102144875 -1.176359357146772e-16 -0.004782727194921487 2.927345865710862e-18 0.0008974249317478448 9.351243737687476e-17 -0.001297155262262616 3.71881345162528e-17 0.003319656855129315 4.445228907190568e-18 -0.001133342887385697 -2.818925648462312e-17 0.0003501149071588253 -5.204170427930421e-18 
5.225854471380131e-16  -0.4136509699414495   0.5000000000000014  -0.2712506819341283 3.350184712980209e-17   0.0636799304975567 -4.380176776841438e-16 -0.01858968350350928 -1.578598363138894e-16 0.009501988883672844 -1.604619215278547e-17 -0.02461952476270923 9.367506770274758e-17  0.00847437017552629 3.382710778154774e-17 -0.002787206198289787 1.040834085586084e-17 0.001518587947936739 1.561251128379126e-17 -0.003907173481490275 -2.47198095326695e-17  0.01103033822304034 
  0.3842174344290615 4.260101386238668e-16  -0.2712506819341283   0.5000000000000001  -0.1546407547619293 -1.967826943061191e-17   0.0387463070087358 -1.420304845956011e-16 -0.05445869753826142 1.352000109089424e-16   0.0161939497475602 8.586881206085195e-17 -0.002971109780485125 1.572093150103981e-17  0.00421708178687724 4.282598581317743e-17 -0.01075335212215109 3.556183125752455e-17 0.003669771762288101 -1.474514954580286e-17 -0.001133342887385678 -1.387778780781446e-17 
-6.505213034913027e-18  0.02286645598728704 3.350184712980209e-17  -0.1546407547619293   0.5000000000000001  -0.4667643513800473 -7.849623728795052e-17  0.07483472027592157 1.647987302177967e-16 -0.01769225857176228 4.909267437014364e-16  0.03784236472978432 3.035766082959412e-18 -0.01274617347574942 6.158268339717665e-17 0.004082659181502224 5.898059818321144e-17 -0.001786877892121839 9.194034422677078e-17 0.004338822708390747 -2.645453300864631e-17 -0.01216368111042601 
 -0.1264728424546211 -7.658533095894482e-17   0.0636799304975567 -1.967826943061191e-17  -0.4667643513800473   0.5000000000000001  -0.1020940101601525 6.690882656951169e-17  0.03906040573484724 4.887041292478411e-16 -0.01011531332798383 1.551493308826757e-16 0.001538542602844909 1.756407519426517e-17 -0.001854480160417093 8.448645429093293e-17 0.004567196694036017 8.272462576064399e-17 -0.001552710060985915 -2.34187669256869e-17 0.0004782043303266411 -1.214306433183765e-17 
-7.459310946700271e-17 -0.009862915282421992 -4.380176776841438e-16   0.0387463070087358 -7.849623728795052e-17  -0.1020940101601525   0.5000000000000002  -0.4664502526539359 6.591949208711867e-17  0.06070882071707142 1.014813233446432e-16   -0.116697812810237 2.012279232133096e-16  0.03895899434985235 6.591949208711867e-17 -0.01239605856859065 2.775557561562891e-17 0.005236247640138652 3.122502256758253e-17 -0.01258304828402622 9.194034422677078e-17  0.03523157893154378 
 0.04081347451026968 -4.092388862682317e-16 -0.01858968350350928 -1.420304845956011e-16  0.07483472027592157 6.690882656951169e-17  -0.4664502526539359   0.5000000000000003  -0.1556806431850991 -2.38524477946811e-17  0.02340494589828284 5.247538514829841e-17 -0.002423730044726321 2.350279259405452e-16 0.001888657510003674 4.637674792806745e-17 -0.004104452667870806 1.512462030617279e-17 0.001375629262074529 6.895525817007808e-17 -0.0004193671736002128 2.862293735361732e-17 
-1.249000902703301e-16  0.01587985102144875 -1.578598363138894e-16 -0.05445869753826142 1.647987302177967e-16  0.03906040573484724 6.591949208711867e-17  -0.1556806431850991   0.5000000000000001  -0.2622631426673522 -3.677613769070831e-16   0.3544035381685193 9.020562075079397e-17  -0.1163476979030782 1.595945597898663e-16  0.03670902184239862 -2.775557561562891e-17 -0.01513479089091112 -6.938893903907228e-18  0.03612900386329179 -2.949029909160572e-17  -0.1010810212637253 
-0.02493362348882093 -1.176359357146772e-16 0.009501988883672844 1.352000109089424e-16 -0.01769225857176228 4.887041292478411e-16  0.06070882071707142 -2.38524477946811e-17  -0.2622631426673522    0.499999999999999  -0.4183246724936269 -2.927345865710862e-16  0.02440527420445077 1.865911938847553e-16 -0.01335343586337148 3.832654679736258e-16  0.02567868361935834 -3.165870343657673e-17 -0.008488885087100224 -1.726049858596923e-16 0.002564071233565714 -5.551115123125783e-17 
1.561251128379126e-17 -0.004782727194921487 -1.604619215278547e-17   0.0161939497475602 4.909267437014364e-16 -0.01011531332798383 1.014813233446432e-16  0.02340494589828284 -3.677613769070831e-16  -0.4183246724936269   0.4999999999999991  -0.2619130277601934 1.647987302177967e-17  0.06045326591834813 3.920475055707584e-16 -0.01721405424143556 1.249000902703301e-16 0.005795830991494083 -9.367506770274758e-17 -0.01305218989907151 -1.535230276239474e-16  0.03627578237405185 
 0.06645619705885264 2.927345865710862e-18 -0.02461952476270923 8.586881206085195e-17  0.03784236472978432 1.551493308826757e-16   -0.116697812810237 5.247538514829841e-17   0.3544035381685193 -2.927345865710862e-16  -0.2619130277601934   0.4999999999999999  -0.1589187657204866 -6.245004513516506e-17  0.04942292769530791 4.293440603042598e-17 -0.08478589073382242 -6.678685382510707e-17  0.02776128461119796 1.387778780781446e-17 -0.00834210657634026 1.387778780781446e-17 
3.642919299551295e-17 0.0008974249317478448 9.367506770274758e-17 -0.002971109780485125 3.035766082959412e-18 0.001538542602844909 2.012279232133096e-16 -0.002423730044726321 9.020562075079397e-17  0.02440527420445077 1.647987302177967e-17  -0.1589187657204866   0.4999999999999998   -0.465083954567288 -3.035766082959412e-16  0.07363652835135005 -1.040834085586084e-16 -0.01126376569332229 -9.540979117872439e-17  0.01697888429215442 7.719519468096792e-17 -0.04461788895039211 
-0.02294557024448667 9.351243737687476e-17  0.00847437017552629 1.572093150103981e-17 -0.01274617347574942 1.756407519426517e-17  0.03895899434985235 2.350279259405452e-16  -0.1163476979030782 1.865911938847553e-16  0.06045326591834813 -6.245004513516506e-17   -0.465083954567288   0.4999999999999998  -0.1064408804405585 -2.946861504815601e-16  0.05150552868714751 -1.179611963664229e-16 -0.01503760580498754 1.023486850826316e-16 0.004282360461236307 4.163336342344337e-17 
-3.469446951953614e-18 -0.001297155262262616 3.382710778154774e-17  0.00421708178687724 6.158268339717665e-17 -0.001854480160417093 6.591949208711867e-17 0.001888657510003674 1.595945597898663e-16 -0.01335343586337148 3.920475055707584e-16  0.04942292769530791 -3.035766082959412e-16  -0.1064408804405585   0.4999999999999997  -0.4630013535754482 -1.249000902703301e-16  0.04072312836810401 1.387778780781446e-17 -0.05131338817903928 -1.43982048506075e-16   0.1317620431766424 
0.007576945243778416 3.71881345162528e-17 -0.002787206198289787 4.282598581317743e-17 0.004082659181502224 8.448645429093293e-17 -0.01239605856859065 4.637674792806745e-17  0.03670902184239862 3.832654679736258e-16 -0.01721405424143556 4.293440603042598e-17  0.07363652835135005 -2.946861504815601e-16  -0.4630013535754482   0.4999999999999998  -0.1658243138630721 7.047314121155779e-17  0.02802660453718591 -1.335737076502141e-16 -0.006695499228647205 -5.204170427930421e-17 
3.469446951953614e-17 0.003319656855129315 1.040834085586084e-17 -0.01075335212215109 5.898059818321144e-17 0.004567196694036017 2.775557561562891e-17 -0.004104452667870806 -2.775557561562891e-17  0.02567868361935834 1.249000902703301e-16 -0.08478589073382242 -1.040834085586084e-16  0.05150552868714751 -1.249000902703301e-16  -0.1658243138630721                  0.5   -0.202100096237124 -2.775557561562891e-17   0.1555062872525919 1.387778780781446e-17  -0.3831584797333397 
-0.004257288388649107 4.445228907190568e-18 0.001518587947936739 3.556183125752455e-17 -0.001786877892121839 8.272462576064399e-17 0.005236247640138652 1.512462030617279e-17 -0.01513479089091112 -3.165870343657673e-17 0.005795830991494083 -6.678685382510707e-17 -0.01126376569332229 -1.179611963664229e-16  0.04072312836810401 7.047314121155779e-17   -0.202100096237124                  0.5  -0.4499491636763768 1.040834085586084e-17  0.06784069735985561 3.469446951953614e-17 
-6.938893903907228e-18 -0.001133342887385697 1.561251128379126e-17 0.003669771762288101 9.194034422677078e-17 -0.001552710060985915 3.122502256758253e-17 0.001375629262074529 -6.938893903907228e-18 -0.008488885087100224 -9.367506770274758e-17  0.02776128461119796 -9.540979117872439e-17 -0.01503760580498754 1.387778780781446e-17  0.02802660453718591 -2.775557561562891e-17  -0.4499491636763768   0.4999999999999999  -0.1440687104652834 9.194034422677078e-17   0.1578497119826184 
 0.01103033822304034 -2.818925648462312e-17 -0.003907173481490275 -1.474514954580286e-17 0.004338822708390747 -2.34187669256869e-17 -0.01258304828402622 6.895525817007808e-17  0.03612900386329179 -1.726049858596923e-16 -0.01305218989907151 1.387778780781446e-17  0.01697888429215442 1.023486850826316e-16 -0.05131338817903928 -1.335737076502141e-16   0.1555062872525919 1.040834085586084e-17  -0.1440687104652834                  0.5  -0.4476057389463503 -5.551115123125783e-17 
-2.602085213965211e-18 0.0003501149071588253 -2.47198095326695e-17 -0.001133342887385678 -2.645453300864631e-17 0.0004782043303266411 9.194034422677078e-17 -0.0004193671736002128 -2.949029909160572e-17 0.002564071233565714 -1.535230276239474e-16 -0.00834210657634026 7.719519468096792e-17 0.004282360461236307 -1.43982048506075e-16 -0.006695499228647205 1.387778780781446e-17  0.06784069735985561 9.194034422677078e-17  -0.4476057389463503   0.4999999999999999   -0.211909407825139 
-0.03116513715867071 -5.204170427930421e-18  0.01103033822304034 -1.387778780781446e-17 -0.01216368111042601 -1.214306433183765e-17  0.03523157893154378 2.862293735361732e-17  -0.1010810212637253 -5.551115123125783e-17  0.03627578237405185 1.387778780781446e-17 -0.04461788895039211 4.163336342344337e-17   0.1317620431766424 -5.204170427930421e-17  -0.3831584797333397 3.469446951953614e-17   0.1578497119826184 -5.551115123125783e-17   -0.211909407825139   0.5000000000000001 
